To
828923
830051
831119
836500
821277
828629
821988
840521
841699
827079
824691
818903
818487
831500
825516
829788
826892
843215
840149
835382
821329
816493
838440
836713
828127
825814
839933
824804
820474
824666
843007
834496
841398
821206
819307
843070
838710
833138
819589
827089
843882
829413
838469
842252
817907
823903
834436
821509
842603
836598
836661
835272
818033
839395
843668
819127
820185
840184
828582
821031
821482
840098
830493
841850
838150
829330
822313
818624
842103
835246
840114
821114
827230
841396
816021
831209
841872
836784
830008
836210
830724
831326
834633
818958
839708
824891
820818
843659
843593
821630
842673
839495
6241480
824644
839292
834941
817126
842311
843528
821553
818656
834646
843487
825494
820478
839231
825100
833979
843182
830615
828802
817910
843449
833917
815012
833795
834269
837926
3768746
843403
829376
828423
837109
818256
820549
835926
836238
827869
819636
836303
843169
820334
834390
833664
838651
828757
820179
817567
828871
837799
827890
828181
839452
818813
840164
834765
843330
821094
827335
830699
830126
819654
843392
829283
818822
837851
823919
838426
819272
829056
843443
831696
819182
839550
830985
830845
837358
843827
837633
838985
821150
838794
818273
827307
832439
819789
822416
837807
837723
832563
831863
824807
821635
842615
823457
817287
835808
842213
841661
838035
835398
839500
828475
836700
820884
818395
821965
824847
843427
841817
841407
817389
816787
818849
838821
842938
824403
820859
836400
826975
831942
823812
821974
814652
817620
816830
822259
838537
824615
829906
815977
843742
844311
821012
821881
821657
818877
821032
824450
822139
842047
837935
836707
838487
820342
819233
818104
827654
836559
824394
837698
824871
826580
835761
838284
840860
842292
843943
841361
836509
832816
820299
841892
836215
834497
824479
831918
815991
839975
842961
831827
822283
824279
838065
825489
824563
833608
827996
829575
816271
838079
821069
818027
817377
818552
827695
821779
836892
827824
831100
834351
830289
837654
828865
824678
843148
828886
821274
842794
831288
843306
821971
826597
820661
843806
828075
818460
825234
827240
828213
841040
820766
816743
844194
828758
841099
819219
829616
833497
841557
837867
829458
838876
836741
841764
820727
817550
830861
832626
828140
837173
834083
838751
840939
821879
829170
818093
827146
843491
825038
829484
835373
839205
818711
835886
820919
841123
817328
838377
817956
818150
816411
841533
822181
830782
841000
834410
817848
830625
828009
843819
843548
842773
825168
816672
831521
831843
818510
831234
829932
831460
834212
828045
832116
828025
831078
840859
838151
820907
828175
838497
818326
819661
817248
841804
822236
838749
834037
835951
830765
836491
816623
821053
816627
839916
836672
817210
832212
839506
829437
831747
837178
831393
827863
820457
816051
820871
835395
827471
828584
827045
843012
842743
835264
830791
843687
828595
843957
843502
830305
819126
837686
843316
832172
822033
815998
843373
834553
844408
830095
842295
835276
838246
826470
841876
842354
819849
829686
835278
838956
828940
830836
829902
843305
818934
836305
820115
829949
816018
828581
834948
827104
836043
819672
838195
839974
837996
832523
818284
842175
839827
834469
820178
827038
838210
828229
838263
817789
835970
840224
824440
819251
837436
821406
834048
830458
816747
835432
835028
834571
830328
838699
826603
814966
827550
824930
836098
824772
831590
824674
814896
828942
6240304
819022
841959
831340
828392
817732
834622
825361
828586
834670
832325
818153
818293
824314
819189
838839
818954
834975
817173
843855
843000
821251
843114
824086
836872
824323
830911
837888
836234
835656
836789
842152
823753
6240780
827065
841682
828260
815134
835615
832346
818115
824345
836519
828329
821627
838984
837685
820974
833856
819142
838585
832787
832395
820461
824796
832044
838020
842971
827095
835949
824161
831738
819281
837731
842830
839820
829966
821137
817481
839304
832114
836785
814637
828920
826745
824441
818888
829508
821147
835286
837639
816141
830139
824723
824129
827959
843902
833300
820628
830088
834229
822403
814999
816928
843429
838445
840792
830399
817548
817157
824861
840299
828996
819639
818649
844318
822258
831318
824246
841984
839307
821134
825777
842772
824970
825316
820638
828736
815152
838176
843181
841454
818558
843582
840218
841883
821227
821924
820771
821292
832078
827275
840475
831655
829114
818173
817775
816732
820486
834605
820996
832334
835431
844252
843945
835657
836774
819283
843839
827774
839704
822314
816667
841785
841955
814726
839156
837732
829445
843595
832639
840483
843978
827561
822250
823977
828793
818642
824702
816751
834757
825266
817612
820905
815943
821944
821356
843778
839471
820828
842809
820762
843858
819698
844043
829615
834409
838890
829999
839625
839433
835689
833672
836004
836476
830541
835889
827018
831608
828553
828550
836505
832079
835081
838947
817048
826579
818662
843183
839965
830516
827328
824670
829805
822448
830902
830851
834946
816407
838689
838463
828762
826626
836188
814902
832129
843286
827347
815021
829286
817589
821693
836439
844041
830169
839577
827411
818244
826639
817770
832452
815111
843907
838869
821330
819775
836487
830101
842785
817673
817667
816724
823875
820969
838571
843276
817896
823904
816484
842075
832743
830105
832144
818717
822075
817515
830733
828429
825420
826551
825328
823959
837575
843886
834434
839844
821300
820921
841971
830566
833818
817478
829521
842942
836801
823765
814868
838700
837100
818169
842786
842759
818861
843637
840651
826553
824848
841228
819372
827933
839072
833635
824134
838367
817205
816916
821672
840273
827498
828176
838911
827479
827568
824380
820324
840141
838342
830323
828814
824499
837444
834400
834184
817887
829699
844294
833840
820111
826719
831009
833930
838529
819581
823636
819400
833664
838651
835937
834237
838677
818411
823816
829626
820816
844204
821849
842318
827101
818500
838142
827655
827061
820070
822453
839781
835271
837220
831897
817504
828792
835863
830059
839891
6240908
837229
831709
816505
832477
816176
826642
840331
827922
820231
817656
833747
834574
827145
831135
835477
842719
833836
822172
817630
816579
818051
835185
838723
820583
823893
827728
835555
831807
842573
842688
828208
819644
817967
831442
844340
821921
838400
824872
820550
828388
821260
837875
828851
843113
832351
823807
843054
844281
836871
832096
840545
821546
832070
829791
828939
843811
839009
817199
820753
842815
824453
818154
815022
844424
844245
825303
840058
827528
826848
843377
828374
843432
839847
825661
840312
836467
821096
821773
831222
830164
843580
824886
829313
820578
820177
841564
824758
840434
828771
835500
836554
819168
6240538
824021
817466
817639
841743
836545
820077
823620
839297
821870
834786
844415
834494
830041
834425
834060
824036
830325
817824
819246
836826
829854
834186
816703
828353
843649
834671
839601
821073
815210
841287
836842
831435
843274
816787
838337
831181
835652
836330
828130
837278
819958
831391
828580
829555
816078
820366
820217
828059
830846
834701
830522
826383
843878
834666
816479
832385
842374
840220
818187
829168
816891
832836
828140
831994
828467
827956
834285
838563
817947
822446
819075
822265
843830
829498
831798
814860
824415
843942
814857
834003
834823
839463
819358
841343
829359
824647
824000
843550
814657
843628
819031
827962
824035
823843
843612
824778
829111
830944
820490
838885
830741
831611
838895
843529
844240
829635
824087
835668
842451
841425
819072
839256
817191
833811
825487
831346
842386
839738
836014
816135
841263
829647
816386
844353
822476
835616
822165
833559
819860
820750
827839
820100
838542
833890
839442
838608
818130
829579
818280
843723
842837
817255
837271
821491
841382
827085
827759
821139
841645
843016
825280
831629
835945
824232
829510
842378
833794
839823
838744
822663
839204
838394
832073
838455
828020
824668
837964
835781
836599
843346
834479
832549
839522
824694
818995
837359
843188
829844
844403
818450
836090
839524
814713
842560
820169
820846
824034
831932
817317
817806
838701
837221
837522
818553
820853
819082
841550
834937
819904
838111
829551
821468
839462
838591
834370
836863
818348
837283
829650
823563
832366
835513
824699
834829
817214
829542
827564
822532
817847
842897
843110
823530
829938
827144
833472
817430
842056
838037
825376
842553
834931
839484
835515
818436
839688
829027
818840
830518
829023
841255
821522
838413
843761
830735
827102
819853
837256
842391
828038
822203
832590
838849
816675
834750
835444
825755
836388
819858
843141
836459
839368
820140
842758
843136
830358
840368
819279
820655
832620
818807
843540
817636
843269
820722
830973
818114
836221
818532
814884
819218
819296
824083
829241
831909
831151
842454
818456
814913
817231
814717
815865
824239
832524
842041
829972
834597
824338
819124
816538
836109
829858
829258
820007
836451
821471
831866
829175
826919
820280
832356
825527
825191
825068
816654
822095
839717
825466
829370
823756
830289
835550
831532
837064
823883
838865
841324
843511
837330
826840
6241053
841033
831182
843915
834901
818682
832193
836460
829492
830330
825457
818875
843770
829266
837866
819215
821951
817817
817805
838811
840146
829874
819732
834208
844182
825350
823623
835697
824075
840007
837714
822327
828096
841652
836382
838576
819776
832042
840108
820196
816381
817918
840423
822579
835320
827259
827331
844120
820558
835567
838249
820339
838598
844185
820870
842632
838291
823853
837368
832583
827332
842350
816753
817832
825177
844137
837247
842833
819363
835457
818362
836343
823736
822136
828274
818255
819924
826938
825360
824779
819167
831745
829747
817460
828569
820656
828578
821604
816874
820663
841582
819204
832087
843923
826550
841842
837865
835621
829936
827588
843048
834785
819424
824826
832149
834236
839694
819277
830377
828424
837504
830294
837634
828146
827446
837503
832835
828917
830825
831587
838515
831368
831882
837146
831357
824476
828089
832300
822438
824388
842577
840011
816209
829123
829033
841757
816893
831448
838586
841221
814744
824109
823634
837730
824343
838790
834962
831349
819643
827333
819807
819211
834107
819364
828861
841720
837365
831791
824220
830335
822342
837332
836737
835943
844284
820436
814691
827407
819419
814843
841426
843828
837158
843236
825111
831927
835308
825797
821399
843691
828474
843064
840472
830954
831383
836107
835905
827457
816585
829628
828662
829432
3771487
842068
838877
832019
836734
824557
843940
830593
817174
828999
834407
832218
816936
816604
831195
828104
817603
826915
841658
821313
842548
843501
818687
819586
840138
817016
843836
840069
816164
820822
837556
831207
837218
818009
834313
820411
842933
835164
844007
821109
824885
835823
826570
831741
827214
829909
819829
843410
836579
843015
834920
822157
821810
835025
838596
822154
819652
828547
818661
835469
838516
841029
842016
840099
843196
835230
821855
838415
828598
830697
816733
821151
840047
843002
814670
819185
820288
838216
836810
831910
838901
814807
840269
824634
818029
816189
829314
816290
836710
814640
821164
825716
823847
824559
818595
838430
823057
836051
819414
819691
832840
829571
835840
830090
819190
829885
830123
818530
829344
817467
820230
841649
823397
820732
840052
823519
828087
824217
821223
837857
828995
816229
830040
828556
831276
831041
835788
838881
839843
842627
828482
836751
829625
817570
839635
839057
818819
838721
832454
835961
821098
830084
843498
836409
825472
822570
824098
831398
839449
820216
844290
834816
820775
817212
818107
827274
817913
839325
828794
825519
827761
814718
842086
818724
828102
840346
6241046
839504
826885
838761
829125
840107
838166
828895
821922
832465
841970
841671
824629
836562
831138
822105
824525
824189
827154
830742
832321
836262
819103
837542
836333
839928
832457
839850
828713
831270
837940
838917
819250
828133
841534
841262
843948
822324
822204
816845
827511
834813
837933
830997
816513
840228
822337
818390
836472
821886
826803
825655
842198
837989
836521
843642
824572
835375
817234
830589
841421
818644
843824
828778
820787
832337
831596
842950
844173
833509
827438
843903
830588
835887
831985
836289
822232
816871
820167
825070
830360
821571
816371
836218
839268
843122
831387
838481
830402
817649
832105
831126
824278
834566
814688
839531
838049
824399
821211
828715
833710
836166
839582
840139
839405
834286
824589
844139
830292
836096
824462
819883
826384
829184
817659
837239
831961
843749
835174
839737
819780
837997
822730
830824
821673
837374
843788
843534
827615
837566
3768391
841243
828781
840112
843697
831840
820477
838259
837716
837195
838559
841670
820553
814868
838568
828811
827011
841251
832305
843398
821368
835110
839330
824033
817444
818973
828596
838675
829154
842805
826480
837095
842353
817246
839164
826811
820136
838165
3771388
840274
833618
837440
836426
822235
840021
820159
817818
830910
828412
816137
841269
842393
832365
836211
839235
815013
823901
821366
834396
841746
827448
843808
817013
834792
832012
836578
828019
816943
816649
829392
834215
817485
822231
820900
837040
843288
842579
835304
841996
835670
830781
818912
830067
835787
839757
840953
843404
843699
833768
820876
843794
822484
822391
832581
826406
837467
825224
832095
827416
821709
834192
843115
835495
817960
818731
840067
838396
824438
839670
834682
827989
817922
820961
839639
817723
831148
838125
837677
831013
823657
830897
818261
816308
843930
835517
841512
830135
819616
829195
816758
822336
842522
831646
834951
842096
831519
839932
816658
818833
836671
818078
844289
831862
829047
816990
816652
817769
817409
821744
826539
829978
837683
837992
827927
825385
831633
818859
827130
822335
824130
836691
828035
816671
837974
837792
828979
822428
820329
838172
829688
822508
835651
838518
814965
831888
820664
838995
823702
841910
827103
839315
829911
834535
819992
832513
831028
826895
832045
836693
833002
842776
842985
843575
819566
827902
828579
840227
827503
819187
837455
826411
838293
829316
835401
832653
821721
831707
830050
818728
843990
818413
838819
835472
835504
838898
834218
834700
826374
842861
839293
831430
824679
826435
819015
834652
836013
834976
841710
814985
838742
835437
829435
823966
820253
824243
821070
837277
816953
821964
817149
815822
830743
827914
828884
828984
836633
826672
829600
820294
821911
828743
827940
819329
835841
844416
841607
843880
819295
831978
839384
843613
816519
837286
816673
816307
832529
830960
829696
824005
826564
828509
832133
820791
826909
818580
836408
843810
842890
834669
827243
821479
835552
843908
831913
815963
839594
834478
842162
839299
829741
829361
816416
843442
835638
827245
826622
843185
824226
837885
837187
829635
823831
836213
841653
839283
837836
825811
834635
828838
838654
817488
816175
818700
831397
825315
828608
821136
831241
830739
818620
817305
817176
838003
819230
829613
843186
829440
828285
821819
825828
830637
842747
836031
842103
830651
837990
821877
817395
842545
843129
836525
818322
842561
816798
827921
841080
815830
819101
819576
825080
820188
842649
830311
814937
838622
829806
817080
844164
838942
841921
834232
838280
837838
817386
838672
829131
832740
816962
833733
837617
836529
820811
842927
840349
838875
821230
834861
830760
844324
829608
818400
823570
824402
838421
815145
827991
842775
817552
827715
836356
841495
830995
834162
832410
821288
822275
831343
818708
827947
822206
824851
834428
816901
824515
837790
817667
826458
839552
816677
824127
830116
831799
835175
825203
818754
827846
829624
835806
825109
831784
821785
829280
833535
831868
842379
843444
830943
841297
823897
820021
831772
832333
820739
836549
829819
817569
834983
826910
828311
815275
844128
819340
834284
839829
822319
824358
821508
840032
840097
837797
814653
828137
822543
832057
825317
842700
829466
830302
819919
829687
821433
831436
829567
841765
844187
834875
821519
824801
835062
837219
814722
832585
816261
831031
821143
827024
834164
821882
823458
824186
829220
818787
819558
823402
820855
821278
822573
835017
838916
839742
829332
835904
817046
836618
818622
818159
820653
818036
835355
838921
827228
836022
839913
830157
839626
831490
836143
820441
843024
820043
838417
6241181
834123
837190
835342
819665
838093
830158
824843
841811
837211
835938
834815
833704
828611
825069
844422
820964
835418
836715
824493
834405
829204
817247
842616
817703
838097
820875
831086
839341
828831
829367
844154
827616
840194
830039
835702
838734
844181
843364
835631
830921
824815
837761
843972
6240224
818789
819862
829914
817272
818265
819135
837577
820938
843195
6241129
818157
838498
839322
835059
838551
818795
817766
820980
835549
814882
828679
827531
835036
827516
831618
818633
816133
838443
829786
840148
825754
816757
843905
828613
828759
842071
831294
831282
843359
814720
842498
827177
822432
834916
817196
842751
817809
821730
838447
818281
818301
834961
838200
837113
839163
843233
821815
833279
829697
832376
839918
834180
824530
818937
834811
835152
818234
820639
827406
837549
837778
844141
837602
829729
834806
838554
820559
825200
824287
837907
823652
835281
834195
834190
818839
836405
835884
816852
816497
817606
3767731
842826
840335
839906
830322
841177
838673
839568
831975
843248
832554
822234
843489
817355
827824
841575
828116
841629
840100
814779
832483
817811
818576
818148
820117
824458
831019
832736
828688
844085
836349
837696
840082
827632
818978
828167
836205
819705
829394
828100
822593
823860
841284
840895
819403
816400
831568
826819
835295
837243
6241150
831501
818504
831581
836647
827580
832873
824667
840976
832608
6241275
828650
824456
820584
834835
834015
837988
816898
838593
816723
837372
822001
836025
830860
836699
821975
840084
835665
839337
832327
839941
838757
818599
831016
831883
834413
830600
831375
814888
827908
836206
829750
842126
815978
821753
843437
838446
835570
822310
843123
821678
823481
842411
834255
816940
829654
821474
821298
836807
824832
829034
825927
841370
821977
815031
823721
841919
838760
823899
839505
837843
840056
842744
838168
828263
828217
842608
832120
818299
829488
842294
824746
835641
841096
829678
839162
825822
841787
840018
835709
841102
833614
835877
825866
839489
828577
839436
843247
837179
839263
828572
825246
821431
824129
827959
830000
825075
837206
831769
837532
819304
843622
842617
819321
834996
830025
816602
827743
820640
821517
828946
843657
827419
833891
815994
816471
836670
836334
843701
829080
832294
816338
816346
819994
836498
839105
837441
819759
824379
817165
828205
834883
828697
828702
828885
825294
820493
837733
823537
843812
838580
837066
838424
826900
833475
842072
830029
837906
832368
836364
817232
819604
824631
843099
816477
837516
828548
827546
818260
836402
814871
837403
820922
825785
820998
834905
818751
820385
822218
831628
817019
818134
825293
822323
832093
820282
819010
817888
844199
836550
825495
831626
825208
835865
836470
816999
839579
824305
829029
831122
818730
825821
5007993
818259
830701
827784
822586
835824
819990
837056
841995
819011
832370
821963
843862
821826
824606
834501
832872
843933
838275
815079
838386
843797
814707
835440
827953
834480
818343
838363
816831
828278
841982
835619
831595
841659
843028
821379
831470
829287
842034
843793
818082
834724
832195
820335
817879
830766
831310
818713
842862
823896
827109
838621
841412
819073
834784
843069
835839
830933
819253
837386
816850
825147
814836
841058
831544
837515
817125
829865
842363
825052
836595
834838
822200
821275
830696
824893
830847
828520
833589
828022
842748
825470
843847
818905
821509
816539
839225
835907
839766
839375
836490
829438
816692
829881
836099
844418
821287
817992
821494
834090
844345
836875
838856
818323
815558
817483
824790
827043
838560
843842
828903
827608
840298
824774
843395
833570
843189
829163
821279
829614
829428
816828
821788
824767
841914
830912
836288
826517
842806
826547
836567
819742
841013
843413
841447
820741
841644
844409
844276
842761
835614
829230
814864
816818
821422
829225
831088
826851
829910
839830
837376
831680
837845
830153
814701
823964
834848
831959
820994
836412
840213
828494
838243
824858
844326
819406
824640
844427
827039
841106
836702
833982
832234
819357
833863
844343
837193
821516
840476
841691
816756
830464
840001
835083
830656
821063
834345
837917
816812
828290
842683
818915
844014
837452
827727
834442
822306
840199
841318
829507
841185
824430
827877
825351
842935
815130
817736
836779
838948
838178
829782
820833
840297
823905
832636
827223
820449
833471
828695
824797
837538
821207
2745715
816228
820494
828918
832864
830032
818869
825319
824655
830722
838926
836263
824983
828439
837953
830052
823491
824717
815008
834607
827597
820058
841399
817184
835318
821567
836673
829862
822189
837848
817899
836838
816676
820508
815055
828183
827234
819193
831271
828457
819207
839828
816963
826580
840072
839220
829848
819029
839630
843719
828719
831734
843737
836584
835576
839196
830287
820500
818640
822005
825073
817857
833839
822277
814733
838334
819155
833613
820797
842742
836054
836626
842793
841372
822267
818766
842205
821742
841786
831679
833004
841593
